 1.00000000e+01
 0.00000000e+00 8.12000000e+01 4.21000000e+01 3.89000000e+01 7.68000000e+01 3.89000000e+01 4.81000000e+01 6.69000000e+01 7.76000000e+01 7.18000000e+01
 8.12000000e+01 0.00000000e+00 8.75000000e+01 9.94000000e+01 4.37000000e+01 4.37000000e+01 6.03000000e+01 2.31000000e+01 7.80000000e+00 4.19000000e+01
 4.21000000e+01 8.75000000e+01 0.00000000e+00 1.60000000e+01 6.09000000e+01 4.80000000e+01 8.23000000e+01 8.41000000e+01 8.10000000e+01 5.75000000e+01
 3.89000000e+01 9.94000000e+01 1.60000000e+01 0.00000000e+00 7.63000000e+01 5.73000000e+01 8.48000000e+01 9.30000000e+01 9.35000000e+01 7.26000000e+01
 7.68000000e+01 4.37000000e+01 6.09000000e+01 7.63000000e+01 0.00000000e+00 4.25000000e+01 8.28000000e+01 5.70000000e+01 3.60000000e+01 5.10000000e+00
 3.89000000e+01 4.37000000e+01 4.80000000e+01 5.73000000e+01 4.25000000e+01 0.00000000e+00 4.37000000e+01 3.61000000e+01 3.92000000e+01 3.74000000e+01
 4.81000000e+01 6.03000000e+01 8.23000000e+01 8.48000000e+01 8.28000000e+01 4.37000000e+01 0.00000000e+00 3.76000000e+01 6.16000000e+01 7.81000000e+01
 6.69000000e+01 2.31000000e+01 8.41000000e+01 9.30000000e+01 5.70000000e+01 3.61000000e+01 3.76000000e+01 0.00000000e+00 2.63000000e+01 5.35000000e+01
 7.76000000e+01 7.80000000e+00 8.10000000e+01 9.35000000e+01 3.60000000e+01 3.92000000e+01 6.16000000e+01 2.63000000e+01 0.00000000e+00 3.41000000e+01
 7.18000000e+01 4.19000000e+01 5.75000000e+01 7.26000000e+01 5.10000000e+00 3.74000000e+01 7.81000000e+01 5.35000000e+01 3.41000000e+01 0.00000000e+00
